10
PZ303163.1 0.0000000 0.0055693 0.0057866 0.0058038 0.0010271 0.0056276 0.0000354 0.0000704 0.0054705 0.0052294 
PZ303164.1 0.0055693 0.0000000 0.0007277 0.0005156 0.0054475 0.0005202 0.0054870 0.0056231 0.0008290 0.0008268 
PZ303165.1 0.0057866 0.0007277 0.0000000 0.0008981 0.0055559 0.0009060 0.0055955 0.0058762 0.0012858 0.0011434 
PZ303166.1 0.0058038 0.0005156 0.0008981 0.0000000 0.0056126 0.0002414 0.0056528 0.0058563 0.0009628 0.0008915 
PZ303167.1 0.0010271 0.0054475 0.0055559 0.0056126 0.0000000 0.0054291 0.0009995 0.0010976 0.0052757 0.0049986 
PZ303168.1 0.0056276 0.0005202 0.0009060 0.0002414 0.0054291 0.0000000 0.0055512 0.0056530 0.0009666 0.0008646 
PZ303169.1 0.0000354 0.0054870 0.0055955 0.0056528 0.0009995 0.0055512 0.0000000 0.0001065 0.0053962 0.0051071 
PZ303170.1 0.0000704 0.0056231 0.0058762 0.0058563 0.0010976 0.0056530 0.0001065 0.0000000 0.0054906 0.0052496 
PZ303171.1 0.0054705 0.0008290 0.0012858 0.0009628 0.0052757 0.0009666 0.0053962 0.0054906 0.0000000 0.0007237 
PZ303172.1 0.0052294 0.0008268 0.0011434 0.0008915 0.0049986 0.0008646 0.0051071 0.0052496 0.0007237 0.0000000 
